-0.0015453781338908
-0.016203627150118
-0.014223201436909
-0.029521159340852
0.010856245084935
-0.00044706223483063
-0.0056629223799435
0.0029581244992775
0.0028550224533902
-0.010196746454471
0.0232541248162
0.0030023305335317
-0.0016609762641103
0.0046486680907444
0.00080482726850642
0.011012787630911
0.0047161841774794
0.014670339206488
0.055679668588022
-0.0069175172430076
-0.0011842392768012
-0.021633587434279
0.0070138227113029
-0.0051145570288159
0.011247520667038
-0.011345062410269
-0.015575229194082
0.0091435720300694
0.00090874537553179
0.032694576575872
